             -4.63731167
             -4.55626140
             -4.48174406
             -4.41736559
             -4.36870196
             -4.32922443
             -4.29876697
             -4.27424472
             -4.25673067
             -4.22688275
             -4.23853937
             -4.21875415
             -4.20591746
             -4.21091776
             -4.21132234
             -4.20836092
             -4.18527050
             -4.19688470
             -4.18158999
             -4.16504355
             -4.12318709
             -3.96833473
             -3.94565558
             -3.90600399
             -3.88284858
             -3.82305188
             -3.72362669
             -3.68178942
             -3.61361946
             -3.56866289
             -3.48138668
             -3.30138518
             -3.29743124
             -3.25889421
             -3.23645698
             -3.17557211
             -3.04898157
             -3.04486005
             -2.94693264
             -2.89598332
             -2.87455462
             -2.76078187
             -2.71589352
             -2.67698973
             -2.57419989
             -2.48583265
             -2.38797521
             -2.35290865
             -2.25022928
             -2.16384650
             -2.00933119
             -1.88809442
             -1.77406854
             -1.65098702
             -1.53279953
             -1.41294338
             -1.29703090
             -1.19756462
             -1.07688860
             -0.97575856
             -0.86152773
             -0.75918589
             -0.65648856
             -0.55854850
             -0.47286259
             -0.39104352
             -0.30583581
             -0.23430702
             -0.17143011
             -0.10975148
             -0.05317160
             -0.01121652
              0.02170261
              0.03449593
              0.00000000
             -4.81564073
             -5.01119227
             -5.21295219
             -5.41974735
             -5.63093108
             -5.84559748
             -6.06206195
             -6.27895226
             -6.49557876
             -6.71107163
             -6.92452740
             -7.13504589
             -7.34177235
             -7.54363878
             -7.73958634
             -7.92883063
             -8.11047230
             -8.28367725
             -8.44779402
             -8.60236277
             -8.74710682
             -8.88202604
             -9.00726727
             -9.12296861
             -9.22954891
             -9.32777338
             -9.41840055
             -9.50228914
             -9.58007427
             -9.65231220
             -9.71927551
             -9.78172754
             -9.84100576
             -9.89855069
             -9.95495261
            -10.01090707
            -10.06681982
            -10.12292981
            -10.17926659
            -10.23550976
            -10.29133264
            -10.34686566
            -10.40244609
            -10.45847985
            -10.51515821
            -10.57268703
            -10.63158339
            -10.69227147
            -10.75495787
            -10.81944440
            -10.88565780
            -10.95364392
            -11.02341714
            -11.09504700
            -11.16850724
            -11.24396823
            -11.32181239
            -11.40233499
            -11.48539909
            -11.57073970
            -11.65769302
            -11.74568497
            -11.83430996
            -11.92316294
            -12.01180833
            -12.10009500
            -12.18810985
            -12.27585682
            -12.36342075
            -12.45064411
            -12.53748034
            -12.62385146
            -12.70965737
            -12.79482973
            -12.87928371
            -12.96301612
            -13.04616830
            -13.12879469
            -13.21100542
            -13.29273637
            -13.37392158
            -13.45449249
            -13.53427772
            -13.61305612
            -13.69061764
            -13.76669695
            -13.84116443
            -13.91388413
            -13.98469772
            -14.05347497
            -14.12009935
            -14.18443670
            -14.24631889
            -14.30554936
            -14.36190988
            -14.41516776
            -14.46508060
            -14.51475394
            -14.56412376
            -14.61314583
            -14.66179264
            -14.71005124
            -14.75792059
            -14.80540922
            -14.85253340
            -14.89931533
            -14.94578241
            -14.99196706
            -15.03790681
            -15.08364460
            -15.12923406
            -15.17471943
            -15.22014683
            -15.26556458
            -15.31102207
            -15.35656897
            -15.40225472
            -15.44812802
            -15.49423665
            -15.54062656
            -15.58734136
            -15.63442190
            -15.68190545
            -15.72982556
            -15.77821058
            -15.82708313
            -15.87645943
            -15.92634864
            -15.97675259
            -16.02766549
            -16.07907400
            -16.13095674
            -16.18328472
            -16.23602086
            -16.28912015
            -16.34252915
            -16.39620366
            -16.45009676
            -16.50415755
            -16.55833072
            -16.61255655
            -16.66677077
            -16.72090461
            -16.77488493
            -16.82863449
            -16.88207188
            -16.93511233
            -16.98766670
            -17.03964151
            -17.09093895
            -17.14145721
            -17.19109079
            -17.23973067
            -17.28726452
            -17.33357785
            -17.37855440
            -17.42207853
            -17.46403623
            -17.50431619
            -17.54281333
            -17.57946641
            -17.61423175
            -17.64708198
            -17.67800147
            -17.70698733
            -17.73404484
            -17.75918812
            -17.78244015
            -17.80382808
            -17.82338815
            -17.84116124
            -17.85719735
            -17.87155297
            -17.88428819
            -17.89546711
            -17.90516106
            -17.91344511
            -17.92039642
            -17.92608955
            -17.93060498
            -17.93402756
            -17.93644645
            -17.93795499
            -17.93864935
            -17.93863073
            -17.93800501
            -17.93686670
            -17.93530089
            -17.93338348
            -17.93118225
            -17.92875758
            -17.92616259
            -17.92344430
            -17.92064352
            -17.91779604
            -17.91493223
            -17.91207802
            -17.90925511
            -17.90648135
            -17.90377117
            -17.90113570
            -17.89858300
            -17.89611888
            -17.89374686
            -17.89146838
            -17.88928328
            -17.88719026
            -17.88518696
            -17.88327016
            -17.88143626
            -17.87968146
            -17.87800159
            -17.87639243
            -17.87484997
            -17.87337013
            -17.87194886
            -17.87058263
            -17.86926782
            -17.86800098
            -17.86677902
            -17.86559889
            -17.86445788
            -17.86335349
            -17.86228343
            -17.86124576
            -17.86023866
            -17.85926095
            -17.85831147
            -17.85738934
            -17.85649422
            -17.85562573
            -17.85478406
            -17.85396944
            -17.85318237
            -17.85242336
            -17.85169289
            -17.85099164
            -17.85032020
            -17.84967910
            -17.84906904
            -17.84849035
            -17.84794340
            -17.84742845
            -17.84694548
            -17.84649456
            -17.84607548
            -17.84568790
            -17.84533122
            -17.84500466
            -17.84470729
            -17.84443813
            -17.84419590
            -17.84397921
            -17.84378643
            -17.84361582
            -17.84346549
            -17.84333353
            -17.84321781
            -17.84311620
            -17.84302666
            -17.84294699
            -17.84287532
            -17.84280954
            -17.84274786
            -17.84268847
            -17.84262978
            -17.84257026
            -17.84250853
            -17.84244336
            -17.84237393
            -17.84229914
            -17.84221851
            -17.84213135
            -17.84203741
            -17.84193647
            -17.84182849
            -17.84171342
            -17.84159154
            -17.84146325
            -17.84132881
            -17.84118877
            -17.84104375
            -17.84089435
            -17.84074117
            -17.84058486
            -17.84042629
            -17.84026606
            -17.84010490
            -17.83994351
            -17.83978268
            -17.83962288
            -17.83946480
            -17.83930894
            -17.83915576
            -17.83900583
            -17.83885946
            -17.83871693
            -17.83857855
            -17.83844451
            -17.83831497
            -17.83819007
            -17.83806978
            -17.83795410
            -17.83784301
            -17.83773628
            -17.83763381
            -17.83753537
            -17.83744079
            -17.83734982
            -17.83726211
            -17.83717747
            -17.83709544
            -17.83701584
            -17.83693845
            -17.83686279
            -17.83678870
            -17.83671596
            -17.83664419
            -17.83657323
            -17.83650289
            -17.83643293
            -17.83636322
            -17.83629365
            -17.83622408
            -17.83615459
            -17.83608498
            -17.83601528
            -17.83594540
            -17.83587554
            -17.83580560
            -17.83573576
            -17.83566606
            -17.83559652
            -17.83552727
            -17.83545842
            -17.83539019
            -17.83532257
            -17.83525577
            -17.83518988
            -17.83512504
            -17.83506122
            -17.83499871
            -17.83493741
            -17.83487759
            -17.83481921
            -17.83476233
            -17.83470707
            -17.83465340
            -17.83460132
            -17.83455097
            -17.83450215
            -17.83445496
            -17.83440938
            -17.83436535
            -17.83432285
            -17.83428177
            -17.83424214
            -17.83420383
            -17.83416679
            -17.83413095
            -17.83409622
            -17.83406260
            -17.83402984
            -17.83399805
            -17.83396706
            -17.83393683
            -17.83390724
            -17.83387827
            -17.83384991
            -17.83382198
            -17.83379452
            -17.83376749
            -17.83374077
            -17.83371447
            -17.83368838
            -17.83366265
            -17.83363720
            -17.83361198
            -17.83358699
            -17.83356226
            -17.83353786
            -17.83351366
            -17.83348974
            -17.83346610
            -17.83344262
            -17.83341950
            -17.83339668
            -17.83337416
            -17.83335203
            -17.83333018
            -17.83330863
            -17.83328755
            -17.83326686
            -17.83324649
            -17.83322661
            -17.83320710
            -17.83318794
            -17.83316923
            -17.83315101
            -17.83313318
            -17.83311583
            -17.83309887
            -17.83308235
            -17.83306626
            -17.83305057
            -17.83303521
            -17.83302035
            -17.83300580
            -17.83299163
            -17.83297781
            -17.83296434
            -17.83295123
            -17.83293841
            -17.83292590
            -17.83291366
            -17.83290172
            -17.83289009
            -17.83287865
            -17.83286753
            -17.83285654
            -17.83284587
            -17.83283540
            -17.83282513
            -17.83281511
            -17.83280522
            -17.83279551
            -17.83278594
            -17.83277656
            -17.83276741
            -17.83275833
            -17.83274944
            -17.83274072
            -17.83273209
            -17.83272362
            -17.83271530
            -17.83270713
            -17.83269906
            -17.83269110
            -17.83268333
            -17.83267562
            -17.83266799
            -17.83266051
            -17.83265320
            -17.83264597
            -17.83263890
            -17.83263225
            -17.83262576
            -17.83261945
            -17.83261323
            -17.83260709
            -17.83260113
            -17.83259527
            -17.83258957
            -17.83258398
            -17.83257847
            -17.83257315
            -17.83256792
            -17.83256279
            -17.83255775
            -17.83255289
            -17.83254812
            -17.83254344
            -17.83253895
            -17.83253463
            -17.83253041
            -17.83252630
            -17.83252230
            -17.83251848
            -17.83251477
            -17.83251117
            -17.83250775
            -17.83250446
            -17.83250128
            -17.83249823
            -17.83249530
            -17.83249259
            -17.83249000
            -17.83248755
            -17.83248532
            -17.83248323
            -17.83248129
            -17.83247950
            -17.83247787
            -17.83247646
            -17.83247522
            -17.83247420
            -17.83247334
            -17.83247262
            -17.83247205
            -17.83247161
            -17.83247128
            -17.83247105
            -17.83247097
            -17.83247094
